36.0
81.66666666666667
65.33333333333333
64.0
56.0
45.666666666666664
76.0
78.33333333333333
49.666666666666664
87.0
64.0
54.666666666666664
32.0
39.666666666666664
45.333333333333336
72.33333333333333
42.0
43.666666666666664
56.666666666666664
87.66666666666667
62.666666666666664
54.0
62.333333333333336
82.33333333333333
76.66666666666667
73.0
73.0
92.0
58.333333333333336
57.333333333333336
59.333333333333336
63.666666666666664
41.333333333333336
74.33333333333333
65.66666666666667
68.66666666666667
60.333333333333336
50.0
73.0
53.0
64.33333333333333
63.0
96.33333333333333
56.0
74.33333333333333
66.66666666666667
65.66666666666667
81.0
80.0
59.0
68.66666666666667
85.66666666666667
73.66666666666667
67.0
67.66666666666667
72.66666666666667
80.33333333333333
71.66666666666667
65.66666666666667
80.33333333333333
63.0
59.0
43.333333333333336
59.0
69.33333333333333
70.66666666666667
58.333333333333336
54.0
60.0
60.0
61.666666666666664
67.33333333333333
66.33333333333333
49.0
79.33333333333333
87.33333333333333
73.33333333333333
47.333333333333336
51.0
57.666666666666664
52.666666666666664
69.66666666666667
61.333333333333336
52.666666666666664
68.66666666666667
65.33333333333333
72.0
48.333333333333336
51.333333333333336
65.0
64.66666666666667
44.0
69.0
76.0
54.666666666666664
67.33333333333333
83.0
56.0
60.333333333333336
75.66666666666667
42.333333333333336
41.333333333333336
58.0
55.666666666666664
72.33333333333333
60.666666666666664
44.333333333333336
72.33333333333333
67.33333333333333
91.0
41.666666666666664
75.0
75.66666666666667
71.33333333333333
67.0
49.666666666666664
44.0
49.333333333333336
50.666666666666664
61.666666666666664
41.666666666666664
67.33333333333333
45.333333333333336
85.66666666666667
76.66666666666667
60.666666666666664
64.0
49.333333333333336
50.666666666666664
69.0
51.333333333333336
43.333333333333336
58.333333333333336
63.0
66.66666666666667
79.66666666666667
73.0
82.0
43.0
44.0
82.0
74.66666666666667
82.0
44.666666666666664
68.33333333333333
82.66666666666667
71.0
51.666666666666664
82.0
38.333333333333336
68.33333333333333
60.666666666666664
74.33333333333333
63.666666666666664
43.0
63.0
81.0
61.666666666666664
76.0
67.0
72.33333333333333
51.666666666666664
63.0
36.0
71.66666666666667
51.0
76.66666666666667
36.666666666666664
71.66666666666667
66.0
61.67058823529412 62.741176470588236 65.32352941176471